bounding_box:
  xmax: -0.04847780242562294
  xmin: -0.47048961520195004
  ymax: 0.3996867179870605
  ymin: 0.23507259488105772
  zmax: 0.3066917032003402
  zmin: -0.20885130465030669
open_dir: 0
