has_handle: true
pos:
  x: -0.25948401871212023
  y: 0.3173797114886702
  z: 0.28837746821622795
